9492
4963
1486
1487
2482
4375
2020
1999
2024
1333
1000
0125
5655
0111
7766
2000
3356
3420
3421
3423
3429
3692
1359
1360
3103
8859
1463
1464
1465
1466
1467
1468
1469
1478
1471
1477
1132
1133
1575
1100
1200
1300
1500
1502
1400
1402
1302
1202
1002
1102
4124
3576
1805
2126
7152
0722
0193
1192
9505
2406
5372
4986
9689
8758
0415
0557
1003
1004
1005
1007
1008
1009
1010
1011
1014
1015
1016
1006
2794
0053
0069
1001
1101
1080
1920
1600
1700
1800
1900
2002
1902
1802
1702
1602
2100
2200
5000
0228
1403
6300
2300
2400
2500
2600
2700
2800
2900
3000
3100
3200
3300
3400
3500
1520
5400
3846
1373
9999
0000
